<?xml version="1.0"?>
<opencv_storage>
<calibration_time>"Wed Aug 28 15:23:21 2024"</calibration_time>
<nr_of_frames>5</nr_of_frames>
<image_width>640</image_width>
<image_height>480</image_height>
<board_width>9</board_width>
<board_height>6</board_height>
<square_size>50.</square_size>
<marker_size>25.</marker_size>
<fix_aspect_ratio>1.</fix_aspect_ratio>
<!-- flags: +fix_aspectRatio +fix_principal_point +zero_tangent_dist +fix_k4 +fix_k5 -->
<flags>6158</flags>
<fisheye_model>0</fisheye_model>
<camera_matrix type_id="opencv-matrix">
  <rows>3</rows>
  <cols>3</cols>
  <dt>d</dt>
  <data>
    786.43108884134085 0. 319.5 0. 786.43108884134085 239.5 0. 0. 1.</data></camera_matrix>
<distortion_coefficients type_id="opencv-matrix">
  <rows>5</rows>
  <cols>1</cols>
  <dt>d</dt>
  <data>
    0.32049248110570494 -2.2809187635884767 0. 0. 7.6546326173745651</data></distortion_coefficients>
<avg_reprojection_error>0.50013271236459067</avg_reprojection_error>
<per_view_reprojection_errors type_id="opencv-matrix">
  <rows>5</rows>
  <cols>1</cols>
  <dt>f</dt>
  <data>
    0.444293648 0.510375619 0.468675315 0.501771688 0.566879332</data></per_view_reprojection_errors>
<!-- a set of 6-tuples (rotation vector + translation vector) for each view -->
<extrinsic_parameters type_id="opencv-matrix">
  <rows>5</rows>
  <cols>6</cols>
  <dt>d</dt>
  <data>
    -0.21685570320448708 -0.044343844434515035 0.044689779635393376
    -39.608581998718911 -256.02672931298332 1059.6043372293411
    -0.22918280865582732 -0.077508339583706024 -0.037188338449799532
    -329.16018163471551 -241.75951320294033 1025.1441543532633
    -0.23810327898383291 -0.072509748942613403 -0.13581540943206499
    -332.03352154448243 -120.21216394754136 1002.7479892183169
    -0.21405780892232545 -0.0412353456905801 0.089637172435686988
    -48.934669312516249 -137.64158450197169 1031.6951530733988
    -0.22998986657911194 -0.054171789792113421 0.0091953176562614529
    -201.48567915168741 -136.72589793674487 1018.1846806626617</data></extrinsic_parameters>
<image_points type_id="opencv-matrix">
  <rows>5</rows>
  <cols>54</cols>
  <dt>"2f"</dt>
  <data>
    289.472626 47.0404816 327.457916 49.4243507 364.840088 52.1043396
    402.247284 53.9276314 439.493774 55.8642044 476.641083 57.6083755
    514.144104 59.1573372 551.214844 61.1121674 588.387817 62.7379494
    287.513458 82.2553177 325.682739 84.8198853 363.480316 87.1805801
    401.31308 89.2862396 438.834839 90.8983765 476.446381 92.7833099
    514.080566 94.379837 551.687256 96.1588287 589.307007 97.7706299
    285.784485 118.225067 324.382233 120.490578 362.50177 122.869606
    400.379364 124.860352 438.371094 126.717995 476.273499 128.433075
    514.378357 130.148392 552.315613 131.627991 590.339172 133.55307
    283.895081 154.749817 322.546906 157.216125 361.24762 159.412033
    399.599457 161.268799 437.779358 163.050079 476.089355 164.806442
    514.386292 166.385208 552.600891 168.359253 590.983521 169.923203
    281.850128 192.343292 321.238007 194.591141 359.841003 196.474564
    398.573547 198.271713 437.347473 200.221619 475.964752 201.651016
    514.668213 203.545914 553.475525 205.377487 591.722046 207.179672
    279.894287 230.355148 319.438385 232.360489 358.700256 234.195999
    397.723846 235.86525 436.842804 237.739716 475.872253 239.380478
    515.12439 241.248734 554.194519 243.032349 592.891052 244.77153
    60.6889572 48.8234406 101.195999 48.794754 141.608337 49.415596
    181.328247 49.781208 220.517532 50.3461304 258.889801 50.4602318
    297.116486 50.3087158 334.621735 49.7416229 372.168182 49.2440262
    60.3728142 86.4724884 101.300964 86.2715988 141.902634 86.5160904
    181.900375 86.4539642 221.267258 86.5501556 260.25061 86.3172607
    298.484283 85.7007446 336.451233 85.2476501 374.22934 84.4843903
    59.7876396 124.386871 101.195343 123.851547 142.039093 123.479935
    182.364548 123.270042 222.175369 122.773308 261.127991 122.463921
    299.773529 121.949493 338.210419 121.373375 376.376587 120.094528
    58.9131546 162.567764 100.714165 161.702866 141.867325 161.10762
    182.675659 160.471878 222.732758 159.889069 262.355499 159.399033
    301.356812 158.474182 339.761841 157.583603 378.243469 156.485336
    58.4020996 201.501495 100.544533 200.613434 142.046783 199.636124
    183.070831 198.541733 223.514999 197.691772 263.452484 196.72467
    302.543823 195.586899 341.75528 194.627533 380.298248 193.517059
    57.4269218 241.272064 99.6867065 239.740295 141.817566 238.556427
    183.301682 237.468079 224.131546 235.95488 264.384491 234.768341
    304.283234 233.390656 343.480682 232.27095 382.647858 230.702942
    53.5470772 143.230042 94.5879288 138.678741 135.530197 134.352585
    175.703995 130.399002 215.22023 126.134933 254.43779 122.346283
    292.771149 118.189537 330.6698 113.878319 368.383423 109.521484
    57.0816727 181.655029 98.4574509 177.05394 139.388382 172.157028
    179.968399 167.711639 220.103363 163.264587 259.224945 158.979919
    297.987976 154.454956 336.214813 150.117035 374.11377 145.485748
    60.1110344 220.616409 101.630653 215.383682 143.359375 210.372635
    184.328278 205.635559 224.483917 200.787155 264.057678 196.153275
    303.198608 191.574127 341.635345 186.654373 379.805725 182.008835
    62.6686096 259.833862 105.121941 254.571533 147.258575 249.316071
    188.526093 244.128174 229.073639 238.693375 269.141144 233.766235
    308.33844 229.101303 347.265198 223.991302 385.664124 218.867905
    65.524437 300.28479 108.385689 294.50174 150.822754 288.809418
    192.605911 283.330322 233.705444 277.814026 274.044769 272.525696
    313.678436 267.337677 353.067261 261.74585 391.718262 256.726746
    68.2895584 341.651794 111.613358 335.477417 154.461929 329.384369
    196.843063 323.310883 238.186966 317.458466 278.859161 311.648895
    319.245819 305.998352 358.983582 300.503845 398.283112 295.22699
    281.756287 133.77861 320.465729 137.978241 358.643524 142.021164
    396.707062 145.514877 434.817139 148.794281 472.924347 152.123413
    511.249786 155.562744 549.216187 159.262451 587.294189 162.769943
    278.304565 170.764862 316.884125 174.556259 355.58551 178.288971
    394.165894 182.06778 432.385254 185.599792 470.795715 189.010803
    509.441864 192.406784 548.105591 195.824921 586.415588 199.62059
    274.331299 208.105637 313.407257 212.03714 352.519989 215.517288
    391.37265 219.058609 430.06955 222.81955 468.923706 226.417892
    507.883514 229.777435 546.914673 233.269913 585.762939 237.079132
    270.053986 246.07988 310.090942 249.935089 349.26059 253.434311
    388.615753 257.062042 427.792511 260.715881 467.088593 264.387421
    506.474548 267.752441 545.855896 271.492401 585.196777 275.370209
    266.226685 285.051544 306.337708 288.708466 345.91153 292.430298
    385.828949 296.124908 425.658875 299.530823 465.423309 303.122223
    505.198151 307.015472 545.056763 310.706238 584.787109 314.355286
    261.601562 325.283844 302.346741 328.587677 342.714844 332.076477
    383.178925 335.753479 423.452332 339.49707 463.740204 343.130341
    504.184143 346.783173 544.664673 350.726044 584.740967 354.456055
    161.597626 132.133484 201.701263 133.651749 241.239975 134.694672
    280.406464 136.32428 318.85199 137.204376 357.128571 137.776978
    395.314117 138.593597 433.329071 139.186005 471.431702 139.532928
    159.796158 169.921616 200.361542 171.222427 240.409225 172.162384
    279.525757 173.071442 318.588654 173.924683 357.22995 174.608917
    395.521545 175.237381 434.141022 175.656708 472.488525 176.223923
    157.929932 208.358429 198.804581 209.213348 239.30513 209.853561
    278.804932 210.554291 318.438293 211.463837 357.280182 211.972763
    396.23056 212.508408 434.810425 212.898438 473.80307 213.284973
    155.746658 247.158539 197.344528 247.769348 238.052368 248.475586
    278.304565 248.921356 318.056854 249.518066 357.373444 249.931427
    396.649719 250.374069 435.693848 250.763184 475.131439 251.184738
